87,1
87,0
86,4
86,3
86,2
86,1
86,0
85,4
85,3
85,2
85,1
85,0
84,4
84,3
84,2
84,1
84,0
83,4
83,3
83,2
83,1
83,0
82,3
82,2
82,1
82,0
81,18
81,16
81,15
81,14
81,13
81,12
81,10
81,9
81,8
81,7
81,6
81,5
81,4
81,2
81,1
81,0
80,3
80,2
80,1
80,0
79,3
79,2
79,1
79,0
78,3
78,2
78,1
78,0
77,12
77,11
77,10
77,9
77,8
77,7
77,6
77,5
77,4
77,3
77,2
77,1
77,0
76,3
76,2
76,1
76,0
75,4
75,3
75,2
75,1
75,0
4,2
4,1
4,0
3,6
3,5
3,4
3,3
3,2
3,1
3,0
2,6
122,8
2,5
2,4
4,3
2,3
2,2
2,1
2,0
1,3
122,3
1,2
1,1
1,0
0,445
0,443
0,444
0,408
81,11
0,322
81,17
81,3
0,243
0,1
0,442
0,0
0,9
0,310
0,305
0,308
0,304
0,303
0,302
0,307
0,12
0,440
0,10
0,8
0,403
0,300
0,402
0,299
0,348
0,298
0,401
0,297
0,400
0,296
0,399
0,295
0,342
0,294
0,420
0,293
0,416
0,292
0,398
0,291
0,397
0,290
0,289
0,432
0,288
0,407
0,287
0,396
0,286
0,389
0,285
0,394
0,284
0,393
0,283
0,392
0,282
0,391
0,281
0,418
0,280
0,357
0,279
0,368
0,278
0,390
0,277
0,439
0,276
87,2
87,3
88,1
88,2
88,4
89,0
89,2
90,0
90,1
90,3
91,0
91,2
92,0
92,1
92,3
93,0
93,2
93,3
94,0
94,2
94,3
95,0
95,1
95,3
96,1
96,2
97,0
97,1
97,3
98,0
98,2
99,0
99,1
99,3
100,0
100,2
101,0
101,1
101,3
102,0
102,2
102,3
103,0
103,2
103,3
104,1
104,2
105,0
105,2
105,3
106,1
106,2
106,4
106,6
107,0
107,2
107,3
108,1
108,2
109,0
109,2
109,3
110,0
110,1
110,3
111,0
111,1
111,3
111,4
112,1
112,2
113,0
113,2
113,3
114,0
114,1
114,3
114,5
115,0
115,2
115,3
116,1
116,2
117,0
117,2
117,3
118,1
118,2
119,0
119,2
119,3
120,1
120,2
121,0
121,2
121,3
122,0
122,1
122,4
122,5
122,7
123,1
123,2
123,3
123,0
122,6
122,2
121,4
121,1
120,3
120,0
119,1
118,3
118,0
117,1
116,3
116,0
115,1
114,4
114,2
113,4
113,1
112,3
112,0
111,2
110,4
110,2
109,4
109,1
108,3
108,0
107,1
106,5
106,3
106,0
105,1
104,3
104,0
103,1
102,4
102,1
101,2
100,3
100,1
99,2
98,3
98,1
97,2
96,3
96,0
95,2
94,4
94,1
93,4
93,1
92,2
91,3
91,1
90,2
89,3
89,1
88,3
88,0
0,414
0,275
0,413
0,274
0,415
0,273
0,388
0,272
0,387
0,271
0,386
0,270
0,385
0,269
0,384
0,268
0,383
0,267
0,382
0,266
0,265
0,380
0,264
0,379
0,263
0,378
0,262
0,377
0,261
0,431
0,260
0,375
0,259
0,332
0,258
0,428
0,257
0,438
0,256
0,427
0,255
0,373
0,254
0,437
0,253
0,252
0,435
0,251
0,426
0,250
0,371
0,249
0,370
0,248
0,362
0,247
0,353
0,246
0,367
0,245
0,441
0,244
0,365
0,242
0,436
0,241
0,363
0,240
0,328
0,239
0,361
0,238
0,395
0,237
0,359
0,236
0,358
0,235
0,425
0,234
0,411
0,233
0,410
0,232
0,372
0,231
0,356
0,230
0,355
0,229
0,354
0,228
0,417
0,227
0,409
0,226
0,421
0,225
0,352
0,224
0,351
0,223
0,350
0,222
0,419
0,221
0,360
0,220
0,347
0,219
0,406
0,218
0,217
0,345
0,216
0,344
0,215
0,343
0,214
0,404
0,213
0,434
0,212
0,424
0,211
0,341
0,210
0,340
0,209
0,339
0,208
0,338
0,207
0,337
0,206
0,336
0,205
0,335
0,204
0,334
0,203
0,333
0,202
0,374
0,201
0,331
0,200
0,330
0,199
0,329
0,198
0,433
0,197
0,405
0,196
0,423
0,195
0,327
0,194
0,326
0,193
0,325
0,192
0,63
0,422
0,62
0,369
0,61
0,323
0,60
0,321
0,59
0,320
0,58
0,446
0,57
0,430
0,56
0,429
0,55
0,318
0,54
0,317
0,53
0,316
0,52
0,315
0,51
0,314
0,50
0,313
0,49
0,312
0,48
0,311
0,47
0,349
0,46
0,306
0,45
0,301
0,6
0,5
0,11
0,4
0,2
0,3
0,7
